1341845820.751833 0.0000000 0.0000000 0.0000000 0.0000000 0.0000000 0.0000000 1.0000000
1341845825.711937 -0.4967282 -0.0804395 0.0118186 0.0338581 -0.0036163 0.0462249 0.9983506
1341845827.013745 -0.5647851 -0.0435559 0.0065029 -0.0210739 -0.0344687 0.0563357 0.9975941
1341845827.182474 -0.5680326 -0.0507665 0.0094130 -0.0424268 -0.0240835 0.0520017 0.9974546
1341845827.381963 -0.5548008 -0.0423632 0.0361137 -0.0417703 -0.0206863 0.0576504 0.9972481
1341845827.413850 -0.5528358 -0.0432855 0.0343105 -0.0434346 -0.0184301 0.0532659 0.9974650
1341845827.791657 -0.5218018 -0.0420060 0.0463752 -0.0353455 -0.0114108 0.0506191 0.9980271
1341845828.191711 -0.4712104 -0.0454059 0.0565235 -0.0324311 0.0198833 0.0527042 0.9978853
1341845828.259785 -0.4630156 -0.0409571 0.0550559 -0.0303270 0.0236749 0.0566138 0.9976546
1341845828.291687 -0.4552377 -0.0437703 0.0574295 -0.0292417 0.0248360 0.0586187 0.9975430
1341845834.553727 0.3670159 0.0712578 -0.0113485 -0.0382458 0.0442588 0.0344540 0.9976930
1341845834.721856 0.3056007 0.0568935 -0.0028100 -0.0436915 0.0403624 0.0285721 0.9978204
1341845834.753919 0.3130084 0.0543012 -0.0073278 -0.0408252 0.0369059 0.0290340 0.9980623
1341845834.789834 0.3129247 0.0619870 -0.0115269 -0.0388586 0.0369212 0.0286223 0.9981521
1341845834.821826 0.2910997 0.0629974 -0.0058614 -0.0401879 0.0377487 0.0282845 0.9980781
1341845834.921771 0.2612953 0.0534421 0.0005723 -0.0405503 0.0332127 0.0264297 0.9982755
1341845835.021804 0.2352914 0.0490951 -0.0066663 -0.0378743 0.0259429 0.0259089 0.9986097
1341845835.125663 0.2092563 0.0551007 -0.0051959 -0.0344315 0.0188119 0.0287495 0.9988163
1341845835.189830 0.1801109 0.0416914 0.0094630 -0.0349862 0.0161544 0.0271332 0.9988888
1341845835.225912 0.1775599 0.0418088 0.0026519 -0.0309989 0.0122177 0.0286522 0.9990340
1341845839.713876 -0.0183595 -0.4253154 -0.0302631 0.0079011 0.0737275 -0.0063587 0.9972268
1341845840.485943 -0.0736349 -0.3258852 0.0036553 -0.0446665 0.0563757 -0.0034839 0.9974039
1341845840.989777 -0.1105320 -0.2726141 0.0071824 -0.0507960 0.0510654 -0.0047218 0.9973915
1341845841.057797 -0.1111201 -0.2737365 0.0093324 -0.0468875 0.0527858 -0.0044344 0.9974946
1341845841.127763 -0.1133268 -0.2502190 0.0130373 -0.0399819 0.0552193 -0.0063562 0.9976532
1341845844.541734 -0.1444750 0.2740334 0.0802067 -0.0036867 0.0499343 0.0516576 0.9974089
1341845844.641742 -0.1441954 0.2759808 0.0894869 -0.0101698 0.0462765 0.0556148 0.9973274
1341845844.741764 -0.1514900 0.3028777 0.0821548 -0.0091803 0.0359480 0.0605607 0.9974747
1341845846.349746 -0.1576787 0.5502940 0.1081652 -0.0566346 -0.0000608 0.0244340 0.9980959
1341845846.417804 -0.1473354 0.5606949 0.0994931 -0.0610996 -0.0007081 0.0279822 0.9977391
1341845846.453757 -0.1556658 0.5583873 0.0983958 -0.0651557 0.0014101 0.0306984 0.9974018
1341845846.553866 -0.1504013 0.5651844 0.0968715 -0.0748664 0.0030856 0.0310943 0.9967039
1341845846.621952 -0.1530877 0.5845047 0.0930989 -0.0743645 0.0048954 0.0262360 0.9968739
1341845846.821760 -0.1356036 0.5700315 0.0993747 -0.0754156 0.0056161 0.0225190 0.9968821
1341845847.089677 -0.1420778 0.4835770 0.0974054 -0.0594725 -0.0003530 0.0234848 0.9979536
1341845847.221790 -0.1230528 0.4605822 0.1075667 -0.0412957 -0.0016053 0.0218049 0.9989077
1341845847.257718 -0.1366127 0.4494029 0.0944093 -0.0392214 0.0035135 0.0225953 0.9989688
1341845847.489945 -0.1298286 0.3963298 0.0843556 -0.0288134 0.0065097 0.0186527 0.9993895
1341845847.525805 -0.1329989 0.3906161 0.0775172 -0.0291095 0.0056175 0.0174800 0.9994076
1341845849.233648 -0.1156531 0.1313586 0.0510117 -0.0138445 0.0196049 0.0261733 0.9993693
1341845850.343827 -0.1401984 0.1492372 0.3361049 -0.0306800 0.0239619 0.0021435 0.9992397
1341845850.380151 -0.1356051 0.1449091 0.3461757 -0.0328205 0.0231983 0.0016579 0.9991906
1341845851.478163 -0.1253934 0.1679887 0.5292082 -0.0280706 0.0183727 0.0136329 0.9993441
1341845851.949904 -0.1115922 0.1706849 0.5682356 -0.0259829 0.0188628 0.0121255 0.9994109
1341845852.163838 -0.0910828 0.1711569 0.5547076 -0.0229199 0.0311590 0.0083026 0.9992172
1341845852.223981 -0.0971095 0.1688438 0.5486253 -0.0223374 0.0349362 0.0116579 0.9990718
1341845852.286726 -0.0985487 0.1731711 0.5359099 -0.0202602 0.0341311 0.0136661 0.9991185
1341845852.417731 -0.1003393 0.1636380 0.5064474 -0.0245656 0.0267270 0.0174334 0.9991888
1341845852.449741 -0.1016204 0.1578777 0.5048862 -0.0264052 0.0273656 0.0161028 0.9991469
1341845852.553887 -0.1081612 0.1608292 0.4958976 -0.0274926 0.0221123 0.0169177 0.9992342
1341845852.617891 -0.1188856 0.1647883 0.4812650 -0.0277812 0.0199631 0.0184287 0.9992447
1341845852.653840 -0.1187052 0.1658020 0.4767743 -0.0276843 0.0190060 0.0156682 0.9993132
1341845852.885924 -0.1273546 0.1603463 0.4228011 -0.0312046 0.0221726 0.0217155 0.9990311
1341845852.953977 -0.1332119 0.1620798 0.4054117 -0.0292686 0.0249675 0.0193734 0.9990719
1341845854.429762 -0.2146320 0.1930186 0.0748990 -0.0269312 0.0194775 0.0182622 0.9992807
1341845854.462072 -0.2201120 0.1859375 0.0688818 -0.0293453 0.0228174 0.0179775 0.9991472
1341845854.897712 -0.2190277 0.1827630 0.0364442 -0.0226564 0.0188910 0.0028137 0.9995609
1341845856.641782 -0.2551881 0.1683627 -0.1596590 -0.0287754 -0.0029137 0.0244818 0.9992818
1341845856.673977 -0.2558409 0.1759215 -0.1596086 -0.0271229 -0.0004536 0.0235982 0.9993534
1341845856.773960 -0.2546241 0.1780487 -0.1657438 -0.0249294 -0.0010293 0.0262792 0.9993432
1341845857.345862 -0.2532111 0.1775306 -0.2084456 -0.0342258 0.0066646 0.0172520 0.9992430
1341845857.545992 -0.2510924 0.1681172 -0.2143533 -0.0363472 0.0050643 0.0166213 0.9991881
1341845858.717690 -0.2091824 0.1694601 -0.2896779 -0.0518229 -0.0002813 0.0101198 0.9986050
1341845858.853864 -0.2080166 0.1679303 -0.2989624 -0.0543245 0.0031400 0.0098547 0.9984698
1341845859.021830 -0.2077601 0.1725060 -0.3123584 -0.0583462 0.0075923 0.0038652 0.9982601
1341845859.153800 -0.1977365 0.1588995 -0.3112780 -0.0668964 0.0093430 0.0031433 0.9977112
1341845859.189853 -0.1967393 0.1608836 -0.3089408 -0.0663932 0.0097020 0.0024375 0.9977434
1341845859.389950 -0.1856811 0.1551669 -0.3145721 -0.0704102 0.0156595 -0.0088195 0.9973562
1341845859.421715 -0.1847882 0.1575188 -0.3151215 -0.0700692 0.0171889 -0.0102260 0.9973416
1341845859.489859 -0.1908661 0.1525163 -0.3161491 -0.0706312 0.0217885 -0.0141381 0.9971643
1341845859.557712 -0.1810568 0.1473920 -0.3239386 -0.0687457 0.0234860 -0.0136370 0.9972645
1341845859.689869 -0.1828533 0.1472990 -0.3240172 -0.0678355 0.0337430 -0.0137319 0.9970312
1341845860.736338 -0.1780039 0.1389675 -0.3693991 -0.0330835 -0.0227863 -0.0254126 0.9988696
1341845860.965899 -0.1784924 0.1321346 -0.3687298 -0.0399066 -0.0361175 -0.0280244 0.9981571
1341845861.097631 -0.1756960 0.1344792 -0.3640246 -0.0372703 -0.0379329 -0.0301062 0.9981311
1341845861.133786 -0.1731929 0.1418016 -0.3566276 -0.0360144 -0.0374386 -0.0303990 0.9981869
1341845861.233683 -0.1752271 0.1407357 -0.3505140 -0.0360328 -0.0340267 -0.0311482 0.9982854
1341845861.265692 -0.1766182 0.1363929 -0.3462926 -0.0364717 -0.0332857 -0.0294811 0.9983450
1341845861.297700 -0.1773626 0.1388051 -0.3528525 -0.0355452 -0.0333662 -0.0286030 0.9984013
1341845861.333616 -0.1706715 0.1433196 -0.3408610 -0.0362250 -0.0327046 -0.0293884 0.9983759
1341845861.440894 -0.1746410 0.1334768 -0.3481777 -0.0358785 -0.0326373 -0.0273819 0.9984477
1341845861.472256 -0.1751007 0.1337401 -0.3441461 -0.0346890 -0.0322794 -0.0275440 0.9984969
1341845861.507634 -0.1737073 0.1350286 -0.3498628 -0.0345421 -0.0325951 -0.0284489 0.9984664
1341845861.607759 -0.1716951 0.1303388 -0.3487435 -0.0340835 -0.0326164 -0.0291497 0.9984612
1341845861.707829 -0.1732548 0.1239544 -0.3401396 -0.0308017 -0.0321067 -0.0293250 0.9985792
1341845862.343750 -0.1460188 0.1210841 -0.3259154 -0.0350614 -0.0238560 -0.0339345 0.9985240
1341845862.847856 -0.1399036 0.1237583 -0.3288505 -0.0236026 0.0013415 -0.0255685 0.9993935
1341845862.879714 -0.1442606 0.1255173 -0.3263754 -0.0230533 0.0008607 -0.0263740 0.9993859
1341845863.215844 -0.1454622 0.1329128 -0.3307708 -0.0203511 0.0002888 -0.0264590 0.9994427
1341845863.251883 -0.1423079 0.1319375 -0.3295581 -0.0212058 0.0004888 -0.0274080 0.9993992
1341845863.283627 -0.1433390 0.1293751 -0.3299053 -0.0220982 0.0009868 -0.0270046 0.9993905
